3676.40625
3676.40625
3676.40625
3676.40625
3676.40625
3676.40625
3676.40625
3676.40625
3676.40625
3676.40625
3676.40625
3676.40625
3676.40625
3676.40625
3676.40625
3676.40625
3676.40625
3676.40625
3676.40625
3676.40625
3676.40625
3676.40625
3676.40625
3676.40625
3676.40625
3676.40625
3676.40625
3676.40625
3676.40625
3676.40625
3676.40625
3676.40625
3676.40625
3676.40625
3676.40625
4600.0
4600.0
4860.0
3676.40625
4600.0
5155.0
3676.40625
6105.0
3676.40625
3676.40625
3676.40625
3676.40625
0.0
3676.40625
0.0
4600.0
12936.181640625
3676.40625
850.5908203125
3646.40625
3646.40625
3676.40625
13518.401063346215
1205.0
4320.0
6795.0
0.0
0.0
16890.556640625
8391.865130662918
4756.015625
46013.50422495435
0.0
27663.13722706147
65347.46570184451
18348.983163783865
10569.281907044351
4915.0
360.0
145.0
420.0
3915.0
420.0
415.0
420.0
325.0
100.0
9920.72265625
11037.505645751953
8151.9287109375
4670.0
7786.15234375
4435.0
31980.144289557727
40604.57609359206
6548.975559894295
5122.75146484375
5120.6640625
5370.832361653673
5853.96484375
6936.25
49987.90201852026
