4999.999999999999
5000.0
5000.0
5000.0
5000.0
5000.0
5000.0
4900.0
5000.0
5000.0
4999.999999999999
5000.0
5000.0
5000.0
4200.0
5000.0
100.0
3000.0
3000.0
10000.0
10000.0
9700.0
26500.0
34300.00000000001
27750.000000000004
27500.000000000007
10550.0
30100.0
10400.0
26400.0
20100.0
3700.0
10100.000000000002
600.0
800.0000000000002
5000.0
5000.0
5000.0
5000.0
10100.0
2500.0
5000.0
5000.0
5000.0
5000.0
5000.0
10.0
10.0
10.0
5000.0
10.0
10.0
5000.0
5000.0
10000.0
5000.0
5000.0
4500.0
5000.0
3700.0
5000.0
5000.0
5000.0
100.0
100.0
5000.0
4100.0
5000.0
5000.0
100.0
100.0
850.0000000000001
750.0000000000001
600.0
100.0
100.0
100.0
100.0
100.0
5100.0
10100.0
10.0
10100.0
10100.0
5100.0
5100.0
5100.0
5100.0
10100.0
9100.0
899.9999999999999
750.0
