4013.40625
4013.40625
4013.40625
4013.40625
4013.40625
4013.40625
4013.40625
4013.40625
4013.40625
4013.40625
4013.40625
4013.40625
4013.40625
4013.40625
4013.40625
4013.40625
4013.40625
4013.40625
4013.40625
4013.40625
4013.40625
4013.40625
4013.40625
4013.40625
4013.40625
4013.40625
4013.40625
4013.40625
4013.40625
4013.40625
1600.0
1600.0
1875.0
4013.40625
1600.0
1850.0
4013.40625
1785.0
4013.40625
4013.40625
4013.40625
4013.40625
0.0
4013.40625
865.0
1600.0
0.0
4013.40625
1112.310546875
4033.40625
4033.40625
4013.40625
4373.508271941501
3234.5
1795.0
1991.0
13517.0
5860.0
4768.97265625
2895.4375
1927.5
4339.3922107438075
2331.28125
4212.492276148292
1256.8021375348558
3360.140999117837
1659.0
1280.0
380.0
100.0
395.0
1365.0
100.0
395.0
390.0
100.0
200.0
