4999.999999999999
5000.0
5000.0
5000.0
5000.0
5000.0
5000.0
4900.0
5000.0
5000.0
4999.999999999999
5000.0
5000.0
5000.0
4200.0
5000.0
100.0
3000.0
3000.0
10000.0
10000.0
9700.0
26500.0
34300.00000000001
27750.000000000004
27500.000000000007
10550.0
30100.0
10400.0
26400.0
20100.0
3700.0
10100.000000000002
600.0
800.0000000000002
5000.0
5000.0
5000.0
5000.0
10100.0
2500.0
5000.0
5000.0
5000.0
5000.0
5000.0
10.0
10.0
10.0
5000.0
10.0
10.0
5000.0
5000.0
10000.0
5000.0
5000.0
4500.0
5000.0
3700.0
5000.0
5000.0
5000.0
100.0
100.0
5000.0
4100.0
5000.0
5000.0
100.0
100.0
850.0000000000001
750.0000000000001
600.0
100.0
100.0
100.0
100.0
100.0
5100.0
10100.0
10.0
10100.0
10100.0
5100.0
5100.0
5100.0
5100.0
10100.0
9100.0
899.9999999999999
750.0
849.9999999999991
849.9999999999999
800.0
0
100.0
0
800.0
9600.0
9100.0
9100.0
9100.000000000002
9100.0
9100.0
9100.0
9100.0
20.0
20.0
9100.0
9100.0
9100.0
9200.000000000004
9199.999999999998
10100.000000000005
9100.000000000002
9100.0
10100.000000000007
4750.000000000002
10100.000000000004
9200.000000000002
0
0
0
9400.0
4550.0
950.0
9800.0
0
15149.99999999999
0
2100.0
14999.999999999993
2399.9999999999995
14140.0
10100.000000000004
9000.000000000004
10099.999999999996
10099.999999999998
9700.000000000007
9600.000000000004
8900.0
9700.0
10099.999999999998
9200.0
10099.999999999998
10099.999999999998
4300.000000000002
10099.999999999998
10099.999999999998
1000.0
1200.0
1100.0
1100.0
1000.0
9100.0
1000.0
1000.0
1000.0
1000.0
1000.0
1000.0
1000.0
1000.0
1000.0
1000.0
13999.999999999998
25000.0
7350.0
1000.0
1000.0
1000.0
1000.0
1000.0
1000.0
1000.0
14999.999999999998
10000.0
10000.0
0
9999.999999999998
7740.000000000001
7740.000000000001
10.0
4699.999999999999
9199.999999999998
1760.0
9100.000000000002
9089.999999999998
9099.999999999998
700.0
8499.999999999998
9099.999999999998
9099.999999999998
9099.999999999998
9099.999999999996
9099.999999999996
3199.9999999999973
2399.999999999999
2399.999999999999
4800.0
2399.999999999999
2399.999999999999
2399.999999999999
3199.9999999999995
0
0
100.0
1499.9999999999995
3600.000000000001
3600.000000000001
3600.000000000001
3600.000000000001
4400.0
3600.000000000001
4400.000000000002
9999.999999999998
9999.999999999998
2800.0
9999.999999999998
4900.000000000001
9999.999999999998
6300.000000000002
7400.0
6200.0
300.0
100.0
100.0
9999.999999999996
9999.999999999996
100.0
100.0
9999.999999999996
9999.999999999996
10000.0
9100.0
8700.0
100.0
4600.0
8100.0
8100.0
4700.0
8100.0
8100.0
8100.0
8100.0
100.0
100.0
100.0
100.0
8100.0
8100.0
200.0
8100.0
8100.0
8100.0
8100.0
